rockFraction_1 = 0.57910295593275
rockFraction_2 = 0.549203616319292
rockFraction_3 = 0.877768723176516
thetaResidual_1 = 0.1115
thetaResidual_2 = 0
thetaResidual_3 = 0
vanGenuchten_alpha_1 = 0.0254333333333333
vanGenuchten_alpha_2 = 0.03415
vanGenuchten_alpha_3 = 0.0336
vanGenuchten_n_1 = 1.285
vanGenuchten_n_2 = 1.1816
vanGenuchten_n_3 = 1.1701
vanGenuchten_L_1 = -2.7572
vanGenuchten_L_2 = -4.65
vanGenuchten_L_3 = -5
vanGenuchten_KSat_1 = 9.9181
vanGenuchten_KSat_2 = 11.372
vanGenuchten_KSat_3 = 8.576
thetaSaturationCapacity_1 = 0.559766666666667
thetaSaturationCapacity_2 = 0.4617
thetaSaturationCapacity_3 = 0.4322
height_m_1 = 0.3
height_m_2 = 0.7
height_m_3 = 4
